Round 1 :3
00110011 00111000 00110100 00111001 01100010 00110100 00110111 00110011 00110101 01100110 00111001 01100010 
01100010 00111000 00110100 00111001 01100010 00110100 00110111 00110011 00110101 01100110 00111001 01100010 
Round 2 :7
00110100 00110111 01100110 01100011 00110100 00110000 01100010 01100101 01100010 01100110 01100100 00110110 
00110100 00110111 01100100 01100011 00110100 00110010 01100010 01100101 01100010 01100110 00111001 00110110 
Round 3 :11
00110100 01100001 01100101 01100100 01100011 00110110 01100010 01100100 01100011 00110111 01100110 00110111 
00110110 01100001 01100101 00111001 01100011 00110110 01100010 01100100 00110100 00110111 01100110 00110111 
Round 4 :2
00110111 00111000 01100101 00110101 00110000 01100010 00110101 01100110 01100101 01100101 01100011 00110011 
00110011 00111000 01100101 00110101 00110000 01100010 00110101 01100110 01100101 01100001 01100011 00110011 
Round 5 :6
00110110 00110001 00111000 00110101 00110010 01100010 01100110 01100101 01100101 00110101 00110101 01100100 
00110110 00110001 00110000 00110101 00110011 01100010 01100110 00110110 01100101 00110101 00110101 01100100 
Round 6 :3
01100101 00110001 00111000 00111000 00111001 00110111 01100001 01100010 01100110 00110111 01100011 01100101 
01100101 00110101 00111000 00111000 00111001 00110101 01100001 01100010 01100010 00110111 01100011 01100101 
Round 7 :2
00110011 00110101 01100001 01100001 00111001 00110010 01100110 01100011 01100110 00110111 01100001 00110011 
00110001 00110111 01100001 01100001 00111001 00110010 01100110 01100011 01100110 00110111 01100001 00110011 
Round 8 :7
00110011 00110110 00110011 00110100 01100010 00110010 01100110 01100101 00110100 01100101 00110110 01100110 
00110011 01100101 00110011 00110100 01100010 00110010 00110111 01100101 00110100 01100101 00110110 01100110 
Round 9 :3
00110000 00110000 01100110 01100010 00110100 00110101 00110110 00110011 01100100 01100100 01100110 00110110 
00110000 00110001 01100110 01100010 00110000 00110101 00110110 00110010 01100100 01100100 01100110 00110110 
Round 10 :4
00110000 00110001 00110111 01100100 00110111 00110011 01100011 01100100 01100001 01100100 01100010 01100110 
00110000 00110001 00110011 01100100 01100110 00110011 01100011 01100100 01100001 01100100 01100010 01100110 
Round 11 :8
01100101 00110101 00110110 00110101 01100101 00110001 01100101 01100110 00110101 01100101 01100100 01100100 
01100110 00110101 00110110 00110100 01100101 00110001 01100101 01100110 00110101 01100101 01100100 00111001 
Round 12 :4
01100100 00110011 01100011 00110111 00111000 00110001 00110101 01100010 01100100 00110011 01100110 01100110 
01100100 00110011 01100011 00110111 00111000 00110000 00110101 01100010 01100100 00110011 00110111 01100110 
Round 13 :5
00110101 00111001 00111001 00110011 00111001 00110011 00111001 00110111 01100100 01100100 01100001 01100100 
00110101 00111000 00111001 00110011 00111001 00110111 00111001 00110111 01100100 01100100 01100001 01100011 
Round 14 :9
00110011 00110101 00111001 00110000 01100011 01100110 01100011 01100001 00110011 01100110 01100110 00110101 
00110011 00110101 00111001 00110000 00110100 01100110 01100011 00111000 00110011 01100110 01100110 00110101 
Round 15 :5
00110011 00110011 00110100 00110000 01100011 00110110 01100110 01100010 01100101 01100010 01100010 01100100 
00110010 00110011 00110100 00110000 01100101 00110110 01100110 01100010 01100101 01100001 01100010 01100100 
Round 16 :8
00110101 00110100 00110011 01100101 00110101 00111001 01100001 00110111 01100101 01100101 00110110 01100110 
00110101 00110100 01100010 00110110 00110101 00111001 01100001 00110011 01100101 01100101 00110110 01100110 
