Round 1 :10
00110110 00110011 01100101 00110001 00111001 00110000 01100110 00110101 00110100 00111000 00111000 00111000 00111000 00111001 00110011 01100100 
00110110 00110011 01100011 00110000 00110001 00110011 01100110 00110101 00110100 00111000 01100001 00111000 00111000 00111001 00110011 01100100 
Round 2 :25
00110100 00111001 01100010 00110001 00110100 00110111 00110101 00111001 00110110 00110011 01100101 00110001 00111001 00110000 01100110 00110101 
00111000 01100011 00111001 00111000 00110101 00110011 01100100 00110001 00110110 00110011 01100011 00110000 00110001 00110011 01100110 00110101 
Round 3 :44
01100010 01100101 01100110 01100011 01100010 01100100 00111000 01100100 00110100 00111001 01100010 00110001 00110100 00110111 00110101 00111001 
00110111 00110000 00110011 01100101 00110000 01100010 01100001 01100001 00111000 01100011 00111001 00111000 00110101 00110011 01100100 00110001 
Round 4 :49
00111000 00111001 01100010 00110000 01100011 01100110 01100101 00110001 01100010 01100101 01100110 01100011 01100010 01100100 00111000 01100100 
00110011 00110111 00110101 01100101 01100010 00111000 00110001 00110001 00110111 00110000 00110011 01100101 00110000 01100010 01100001 01100001 
Round 5 :54
01100011 01100100 00111001 01100110 00110000 00110101 00110010 00111001 00111000 00111001 01100010 00110000 01100011 01100110 01100101 00110001 
00111000 00111001 00110100 00110001 00110110 00110010 01100010 01100010 00110011 00110111 00110101 01100101 01100010 00111000 00110001 00110001 
Round 6 :49
00111000 00110010 01100101 00111000 01100001 00110111 00110011 00110101 01100011 01100100 00111001 01100110 00110000 00110101 00110010 00111001 
00110101 00110001 00110110 00110100 01100101 00110110 00110101 01100011 00111000 00111001 00110100 00110001 00110110 00110010 01100010 01100010 
Round 7 :44
01100100 00111000 01100010 00111001 01100011 00110111 01100100 01100100 00111000 00110010 01100101 00111000 01100001 00110111 00110011 00110101 
00111001 00110010 00110011 01100001 00110100 00110011 01100011 00110101 00110101 00110001 00110110 00110100 01100101 00110110 00110101 01100011 
Round 8 :46
00110100 00110001 01100101 01100101 00110101 00111001 00110110 01100101 01100100 00111000 01100010 00111001 01100011 00110111 01100100 01100100 
00111001 00110110 00110001 00110101 00110000 00110100 01100101 01100100 00111001 00110010 00110011 01100001 00110100 00110011 01100011 00110101 
Round 9 :45
00110001 00110100 01100010 00111001 01100001 00110001 01100110 00110100 00110100 00110001 01100101 01100101 00110101 00111001 00110110 01100101 
01100011 00111000 00111001 01100101 01100101 00110111 00110001 01100100 00111001 00110110 00110001 00110101 00110000 00110100 01100101 01100100 
Round 10 :45
00111000 01100001 01100010 00110001 00111000 00110101 00110111 01100010 00110001 00110100 01100010 00111001 01100001 00110001 01100110 00110100 
01100010 01100100 01100101 00110000 00110110 00110110 01100001 01100100 01100011 00111000 00111001 01100101 01100101 00110111 00110001 01100100 
Round 11 :40
01100001 01100001 01100010 00110100 01100100 00110010 00110000 01100100 00111000 01100001 01100010 00110001 00111000 00110101 00110111 01100010 
00110110 01100100 00110100 01100100 00110100 00110001 00110000 01100001 01100010 01100100 01100101 00110000 00110110 00110110 01100001 01100100 
Round 12 :43
01100101 00111001 01100001 00110000 01100100 00110101 00111001 01100101 01100001 01100001 01100010 00110100 01100100 00110010 00110000 01100100 
01100101 00110010 00110111 01100101 00110001 00110000 00110110 00110001 00110110 01100100 00110100 01100100 00110100 00110001 00110000 01100001 
Round 13 :47
01100011 00110000 01100110 01100101 00111001 00110101 00111000 00110000 01100101 00111001 01100001 00110000 01100100 00110101 00111001 01100101 
01100011 00110011 00110111 00110000 01100101 01100001 01100001 01100001 01100101 00110010 00110111 01100101 00110001 00110000 00110110 00110001 
Round 14 :43
00110111 00110001 00110010 01100101 00110111 00110001 00111000 01100010 01100011 00110000 01100110 01100101 00111001 00110101 00111000 00110000 
00110100 00110101 01100110 00111001 01100011 01100011 00110001 01100100 01100011 00110011 00110111 00110000 01100101 01100001 01100001 01100001 
Round 15 :42
01100101 01100100 01100011 00110000 01100101 00110000 00110101 00110010 00110111 00110001 00110010 01100101 00110111 00110001 00111000 01100010 
01100011 00111000 00110011 01100100 00110000 01100010 01100001 00110110 00110100 00110101 01100110 00111001 01100011 01100011 00110001 01100100 
Round 16 :42
01100110 01100110 00110101 00110101 00110111 01100001 01100110 00110011 01100101 01100100 01100011 00110000 01100101 00110000 00110101 00110010 
01100100 01100110 00110011 00110111 01100010 00110111 00110101 01100110 01100011 00111000 00110011 01100100 00110000 01100010 01100001 00110110 
